0.9627777777777777
0.9477777777777778
0.95
0.9527777777777777
0.9472222222222222
0.9566666666666667
0.9461111111111111
0.9588888888888889
0.9583333333333334
0.95
0.9483333333333334
0.9472222222222222
0.9594444444444444
0.9527777777777777
0.9405555555555556
0.94
0.9483333333333334
0.9461111111111111
0.9461111111111111
0.9516666666666667
0.9477777777777778
0.9544444444444444
0.9477777777777778
0.955
0.9555555555555556
0.9522222222222222
0.9544444444444444
0.95
0.9533333333333334
0.9411111111111111
0.9544444444444444
0.9405555555555556
0.9383333333333334
0.9477777777777778
0.95
0.9494444444444444
0.9522222222222222
0.945
0.9455555555555556
0.9416666666666667
0.945
0.9538888888888889
0.9644444444444444
0.9522222222222222
0.9511111111111111
0.9416666666666667
0.9427777777777778
0.9544444444444444
0.9566666666666667
0.9544444444444444
0.9533333333333334
0.9522222222222222
0.9505555555555556
0.9616666666666667
0.9533333333333334
0.9538888888888889
0.9466666666666667
0.9566666666666667
0.94
0.9533333333333334
0.9411111111111111
0.9522222222222222
0.9422222222222222
0.95
0.9488888888888889
0.9638888888888889
0.9477777777777778
0.9566666666666667
0.9555555555555556
0.9394444444444444
0.9477777777777778
0.9483333333333334
0.9488888888888889
0.9455555555555556
0.9527777777777777
0.9383333333333334
0.9516666666666667
0.9427777777777778
0.955
0.9466666666666667
0.9488888888888889
0.9488888888888889
0.9511111111111111
0.9555555555555556
0.9466666666666667
0.9538888888888889
0.9644444444444444
0.9427777777777778
0.9494444444444444
0.9544444444444444
0.945
0.9494444444444444
0.9483333333333334
0.9522222222222222
0.9588888888888889
0.9505555555555556
0.9427777777777778
0.9527777777777777
0.9522222222222222
0.9483333333333334
